[LEFT_CAM_2K]
fx=1397.94
fy=1397.94
cx=1108.74
cy=638.165
k1=-0.171277
k2=0.0259318
k3=0
p1=0
p2=0

[RIGHT_CAM_2K]
fx=1401.89
fy=1401.89
cx=1123.06
cy=649.672
k1=-0.170294
k2=0.024589
k3=0
p1=0
p2=0

[LEFT_CAM_FHD]
fx=1397.94
fy=1397.94
cx=964.74
cy=557.165
k1=-0.171277
k2=0.0259318
k3=0
p1=0
p2=0

[RIGHT_CAM_FHD]
fx=1401.89
fy=1401.89
cx=979.06
cy=568.672
k1=-0.170294
k2=0.024589
k3=0
p1=0
p2=0

[LEFT_CAM_HD]
fx=698.97
fy=698.97
cx=640.87
cy=367.0825
k1=-0.171277
k2=0.0259318
k3=0
p1=0
p2=0

[RIGHT_CAM_HD]
fx=700.945
fy=700.945
cx=648.03
cy=372.836
k1=-0.170294
k2=0.024589
k3=0
p1=0
p2=0

[LEFT_CAM_VGA]
fx=349.485
fy=349.485
cx=335.935
cy=191.04125
k1=-0.171277
k2=0.0259318
k3=0
p1=0
p2=0

[RIGHT_CAM_VGA]
fx=350.4725
fy=350.4725
cx=339.515
cy=193.918
k1=-0.170294
k2=0.024589
k3=0
p1=0
p2=0

[STEREO]
Baseline=120
TY=0
TZ=0
CV_2K=0.00813457
CV_FHD=0.00813457
CV_HD=0.00813457
CV_VGA=0.00813457
RX_2K=0.000737288
RX_FHD=0.000737288
RX_HD=0.000737288
RX_VGA=0.000737288
RZ_2K=0.000455066
RZ_FHD=0.000455066
RZ_HD=0.000455066
RZ_VGA=0.000455066

